3329.61346769
3476.68187769
3589.76593769
3745.86704769
3860.89398769
3989.93657769
4176.01588769
4263.04791769
4391.14287769
4490.21128769
4561.24839769
4708.31680769
4821.40086769
4922.44854769
5036.49147769
5199.55480769
5330.59529769
5459.63788769
5556.69064769
5684.74922769
5783.81763769
5912.86022769
6041.90281769
6138.95557769
6269.99606769
6426.09717769
6529.10636769
6632.11555769
6779.18396769
6893.22689769
6994.27457769
7125.31506769
7196.35217769
7324.44713769
7461.50604769
7590.54863769
7776.62794769
7847.66505769
8010.72838769
8067.74984769
8198.79033769
8295.84309769
8481.92240769
8618.98131769
8716.03407769
8879.09740769
8980.14508769
9108.20366769
9223.23060769
9310.26263769
9367.28409769
9454.31612769
9557.32531769
9672.35225769
9785.43631769
9932.50472769
10046.5476577
10160.5905877
10259.6589977
10387.7539577
10502.7808977
10603.8285777
10690.8606077
10819.9031977
11005.9825077
11121.0094477
11235.0523777
11306.0894877
11407.1371677
11520.2212277
11577.2426877
11676.3110977
11789.3951577
11846.4166177
11959.5006777
12090.5411677
12237.6095777
12340.6187677
12487.6871777
12624.7460877
12681.7675477
12810.8101377
12957.8785477
13086.9211377
13200.0051977
13313.0892577
13469.1903677
13584.2173077
13655.2544177
13758.2636077
13887.3061977
