1000000000000010000000110010000110000010010100001000000010010000010010000100100110001010100000000110010001000000000000000010000101011000010001101000000001100010111010000010110100011011
0101111111111101111111001101111001111100101011110101111101101110101101111011011001110101011111111000101110111111110111111101111010100111101110010111111110001101000101111101001011100100
0010000000000000000000000000000000000001000000000010000000000001000000000000000000000000000000000001000000000000001000000000000000000000000000000000000000010000000000000000000000000000
1000000000000010000000110010000110000010010100001000000010000000010010000100100110001010000000000110010001000000000000000010000101011000010001101000000001100010011010000010110100011011
0000000000000000000000000000000000000000000000000000000000010000000000000000000000000000100000000000000000000000000000000000000000000000000000000000000000000000100000000000000000000000
0101111111111101111111001101111001111100101011110101111101101110101101111011011001110101011111111000101110110111110111111101111010100111101110010111111110001101000101111101001011100100
0010000000000000000000000000000000000000000000000010000000000001000000000000000000000000000000000001000000000000001000000000000000000000000000000000000000000000000000000000000000000000
0000000000000000000000000000000000000001000000000000000000000000000000000000000000000000000000000000000000000000000000000000000000000000000000000000000000010000000000000000000000000000
1000000000000010000000110010000110000010010100001000000010000000010010000100100110001010000000000110010001000000000000000010000101011000010000101000000001100010011010000010110100011011
0000000000000000000000000000000000000000000000000000000000010000000000000000000000000000100000000000000000000000000000000000000000000000000000000000000000000000000000000000000000000000
0100010110010101011011001000010001111100101011010100101101101110101001101011000001110100011000110000101000110101110100101000111010100111101100000111101010001001000101011101001011100000
0001101001101000100100000101101000000000000000100001010000000000000100010000011000000001000111001000000110000010000011010101000000000000000010010000010100000100000000100000000000000100
0010000000000000000000000000000000000000000000000010000000000001000000000000000000000000000000000000000000000000000000000000000000000000000000000000000000000000000000000000000000000000
0000000000000000000000000000000000000000000000000000000000000000000000000000000000000000000000000001000000000000001000000000000000000000000000000000000000000000000000000000000000000000
1000000000000010000000110010000110000010010100001000000010000000010010000000100110001010000000000110010001000000000000000010000101011000010000101000000000100010011010000010110100011011
0000000000000000000000000000000000000000000000000000000000000000000000000100000000000000000000000000000000000000000000000000000000000000000000000000000001000000000000000000000000000000
0100010110010101011011001000010001111100101011010100101101101110101001101011000001110100011000110000101000110101110100101000111010100111101100000111101010001001000101011101000011100000
0001000000000000000000000000000000000000000000000000000000000000000000000000000000000000000000001000000000000000000000000000000000000000000000000000000000000000000000000000000000000000
0000101001101000100100000101101000000000000000100001010000000000000100010000011000000001000111000000000110000010000011010101000000000000000010010000010100000100000000100000000000000100
0000000000000000000000000000000000000000000000000010000000000001000000000000000000000000000000000000000000000000000000000000000000000000000000000000000000000000000000000000000000000000
1000000000000010000000110010000110000010010100001000000010000000010010000000100110001010000000000110010001000000000000000000000100011000010000101000000000100010011010000010110100011011
0000000000000000000000000000000000000000000000000000000000000000000000000000000000000000000000000000000000000000000000000010000001000000000000000000000000000000000000000000000000000000
0100010110010101011011001000010001011100101011010100101101100110101001101011000001110000010000110000101000110101110100101000111010100111101100000111101010001001000101011101000011100000
0000000000000000000000000000000000100000000000000000000000001000000000000000000000000100001000000000000000000000000000000000000000000000000000000000000000000000000000000000000000000000
0000101001101000100100000101101000000000000000100001010000000000000100010000011000000001000111000000000110000010000011010101000000000000000010010000010100000100000000100000000000000000
1000000000000010000000110010000110000010010100001000000010000000000010000000100110001010000000000110010001000000000000000000000100011000010000101000000000100010011010000010110100011011
0100000000000000000000000000000001010000000001000000000100000100001000000000000000000000000000010000000000100000000000000000000000000000000000000100000000000001000000000000000000000000
0000010110010101011011001000010000001100101010010100101001100010100001101011000001110000010000100000101000010101110100101000111010100111101100000011101010001000000101011101000011100000
0000000000000000000000000000000000100000000000000000000000001000000000000000000000000100000000000000000000000000000000000000000000000000000000000000000000000000000000000000000000000000
0000101001101000100100000101001000000000000000100001010000000000000100010000011000000001000111000000000110000010000011010101000000000000000010010000010100000100000000100000000000000000
1000000000000010000000010010000110000010010100001000000010000000000010000000100110000010000000000110010001000000000000000000000100011000010000101000000000100010011010000010110100011011
0000000000000000000000100000000000000000000000000000000000000000000000000000000000001000000000000000000000000000000000000000000000000000000000000000000000000000000000000000000000000000
0100000000000000000000000000000000010000000001000000000100000100001000000000000000000000000000010000000000100000000000000000000000000000000000000100000000000001000000000000000000000000
0000010110010101011011001000010000001100101010010100101001100010100001101010000001110000010000100000101000010101110100101000111010100111101100000011101010001000000101011101000011100000
0000000000000000000000000000000000100000000000000000000000000000000000000000000000000100000000000000000000000000000000000000000000000000000000000000000000000000000000000000000000000000
0000101001101000100100000101001000000000000000100001010000000000000100010000011000000000000111000000000110000010000011010101000000000000000010010000010100000100000000100000000000000000
1000000000000010000000010010000110000010010100001000000010000000000010000000100110000010000000000110010001000000000000000000000000011000010000101000000000100010011010000010110100010011
0000000000000000000000000000000000000000000000000000000000000000000000000000000000000000000000000000000000000000000000000000000100000000000000000000000000000000000000000000000000001000
0100000000000000000000000000000000010000000001000000000000000100000000000000000000000000000000010000000000100000000000000000000000000000000000000100000000000000000000000000000000000000
0000000000000000000000000000000000000000000000000000000100000000001000000000000000000000000000000000000000000000000000000000000000000000000000000000000000000001000000000000000000000000
0000010110010101011011001000010000001100101010010100001001100010100001101010000001110000010000100000101000010101110100101000111010100111101100000011101010001000000101011101000011100000
0000100000001000000100000100001000000000000000100001000000000000000100000000000000000000000111000000000000000010000001000000000000000000000000010000010100000000000000100000000000000000
0000001001100000100000000001000000000000000000000000010000000000000000010000011000000000000000000000000110000000000010010101000000000000000010000000000000000100000000000000000000000000
1000000000000010000000010010000110000010010100001000000010000000000010000000100110000010000000000110010001000000000000000000000000011000010000101000000000100010011000000010110100010011
0100000000000000000000000000000000000000000001000000000000000100000000000000000000000000000000010000000000000000000000000000000000000000000000000000000000000000000000000000000000000000
0000000000000000000000000000000000010000000000000000000000000000000000000000000000000000000000000000000000100000000000000000000000000000000000000100000000000000000000000000000000000000
0000000000000000000000000000000000000000000000000000000100000000001000000000000000000000000000000000000000000000000000000000000000000000000000000000000000000000000000000000000000000000
0000010100010101011011001000010000001100101010010100001001100010100001101010000001110000010000100000101000010101110100101000111010100111101100000010101000001000000101001101000011100000
0000000010000000000000000000000000000000000000000000000000000000000000000000000000000000000000000000000000000000000000000000000000000000000000000001000010000000000000010000000000000000
0000100000001000000100000000000000000000000000100001000000000000000100000000000000000000000011000000000000000010000001000000000000000000000000010000000100000000000000000000000000000000
0000000000000000000000000100001000000000000000000000000000000000000000000000000000000000000100000000000000000000000000000000000000000000000000000000010000000000000000100000000000000000
0000001001100000100000000001000000000000000000000000000000000000000000000000001000000000000000000000000110000000000010010101000000000000000010000000000000000100000000000000000000000000
0000000000000000000000000000000000000000000000000000010000000000000000010000010000000000000000000000000000000000000000000000000000000000000000000000000000000000000000000000000000000000
1000000000000010000000010010000110000010010100001000000010000000000010000000100110000010000000000110010001000000000000000000000000011000010000101000000000100010011000000010110100010001
0100000000000000000000000000000000000000000001000000000000000000000000000000000000000000000000010000000000000000000000000000000000000000000000000000000000000000000000000000000000000000
0000000000000000000000000000000000010000000000000000000000000000000000000000000000000000000000000000000000000000000000000000000000000000000000000100000000000000000000000000000000000000
0000010100010101011011001000010000001100101010010100001001100010100001101010000001110000000000100000101000010101110100101000111010100111101100000010101000001000000101001101000011100000
0000000010000000000000000000000000000000000000000000000000000000000000000000000000000000000000000000000000000000000000000000000000000000000000000000000010000000000000000000000000000000
0000000000000000000000000000000000000000000000000000000000000000000000000000000000000000000000000000000000000000000000000000000000000000000000000001000000000000000000010000000000000000
0000100000001000000100000000000000000000000000000001000000000000000100000000000000000000000000000000000000000000000000000000000000000000000000000000000100000000000000000000000000000000
0000000000000000000000000000000000000000000000100000000000000000000000000000000000000000000011000000000000000010000001000000000000000000000000010000000000000000000000000000000000000000
0000000000000000000000000100001000000000000000000000000000000000000000000000000000000000000000000000000000000000000000000000000000000000000000000000010000000000000000100000000000000000
0000001001000000000000000001000000000000000000000000000000000000000000000000001000000000000000000000000110000000000010010101000000000000000010000000000000000100000000000000000000000000
0000000000100000100000000000000000000000000000000000000000000000000000000000000000000000000000000000000000000000000000000000000000000000000000000000000000000000000000000000000000000000
0000000000000000000000000000000000000000000000000000010000000000000000010000000000000000000000000000000000000000000000000000000000000000000000000000000000000000000000000000000000000000
1000000000000010000000010010000110000010010100001000000010000000000010000000100110000010000000000110010001000000000000000000000000011000010000101000000000100010011000000010010100010001
0100000000000000000000000000000000000000000001000000000000000000000000000000000000000000000000000000000000000000000000000000000000000000000000000000000000000000000000000000000000000000
0000010100010101011011001000010000001100101000010100001001100010100001101010000001110000000000100000101000010101110100101000111010100111101100000010101000001000000101001101000011100000
0000100000001000000100000000000000000000000000000000000000000000000100000000000000000000000000000000000000000000000000000000000000000000000000000000000100000000000000000000000000000000
0000000000000000000000000000000000000000000000100000000000000000000000000000000000000000000010000000000000000000000000000000000000000000000000000000000000000000000000000000000000000000
0000000000000000000000000000000000000000000000000000000000000000000000000000000000000000000001000000000000000010000001000000000000000000000000010000000000000000000000000000000000000000
0000000000000000000000000100001000000000000000000000000000000000000000000000000000000000000000000000000000000000000000000000000000000000000000000000000000000000000000100000000000000000
0000001001000000000000000001000000000000000000000000000000000000000000000000001000000000000000000000000110000000000010010101000000000000000010000000000000000000000000000000000000000000
1000000000000010000000010010000110000010010100001000000010000000000010000000100110000010000000000110010001000000000000000000000000011000010000101000000000100010001000000010010100010001
0000010100010101011011001000010000001100100000010100001001100010100001101010000001110000000000100000101000010101110100101000111010000111001100000010101000001000000101001101000001100000
0000000000000000000000000000000000000000001000000000000000000000000000000000000000000000000000000000000000000000000000000000000000100000100000000000000000000000000000000000000010000000
0000100000001000000100000000000000000000000000000000000000000000000100000000000000000000000000000000000000000000000000000000000000000000000000000000000000000000000000000000000000000000
0000000000000000000000000000000000000000000000000000000000000000000000000000000000000000000001000000000000000010000000000000000000000000000000010000000000000000000000000000000000000000
0000000000000000000000000100001000000000000000000000000000000000000000000000000000000000000000000000000000000000000000000000000000000000000000000000000000000000000000000000000000000000
0000001001000000000000000000000000000000000000000000000000000000000000000000001000000000000000000000000110000000000010010101000000000000000010000000000000000000000000000000000000000000
1000000000000010000000010000000110000010010000001000000000000000000010000000100110000010000000000110010000000000000000000000000000011000010000101000000000100010001000000010010100010001
0000000000000000000000000010000000000000000100000000000010000000000000000000000000000000000000000000000001000000000000000000000000000000000000000000000000000000000000000000000000000000
0000010000010100011001001000010000001000000000010100001001100010100001001010000001110000000000100000101000010101100100100000110010000111001100000010101000001000000100001101000001100000
0000000100000001000010000000000000000100100000000000000000000000000000100000000000000000000000000000000000000000010000001000001000000000000000000000000000000000000001000000000000000000
0000000000000000000000000000000000000000001000000000000000000000000000000000000000000000000000000000000000000000000000000000000000100000000000000000000000000000000000000000000010000000
0000100000001000000000000000000000000000000000000000000000000000000000000000000000000000000000000000000000000000000000000000000000000000000000000000000000000000000000000000000000000000
0000000000000000000100000000000000000000000000000000000000000000000100000000000000000000000000000000000000000000000000000000000000000000000000000000000000000000000000000000000000000000
0000000000000000000000000000000000000000000000000000000000000000000000000000000000000000000001000000000000000000000000000000000000000000000000010000000000000000000000000000000000000000
0000001001000000000000000000000000000000000000000000000000000000000000000000001000000000000000000000000110000000000000010101000000000000000010000000000000000000000000000000000000000000
1000000000000010000000010000000110000010010000001000000000000000000010000000100010000000000000000100010000000000000000000000000000010000010000101000000000000010000000000010010100010001
0000000000000000000000000000000000000000000000000000000000000000000000000000000100000010000000000010000000000000000000000000000000001000000000000000000000100000001000000000000000000000
0000000000000000000000000010000000000000000100000000000000000000000000000000000000000000000000000000000001000000000000000000000000000000000000000000000000000000000000000000000000000000
0000010000010000011001000000010000001000000000010000001000100010100000001000000001100000000000000000001000010000100100100000010010000100000000000000001000001000000000001101000001100000
0000000000000100000000001000000000000000000000000100000001000000000001000010000000010000000000100000100000000101000000000000100000000011001100000010100000000000000100000000000000000000
0000000100000001000010000000000000000000100000000000000000000000000000100000000000000000000000000000000000000000010000001000001000000000000000000000000000000000000001000000000000000000
0000000000000000000000000000000000000000001000000000000000000000000000000000000000000000000000000000000000000000000000000000000000100000000000000000000000000000000000000000000000000000
0000001000000000000000000000000000000000000000000000000000000000000000000000001000000000000000000000000110000000000000010100000000000000000010000000000000000000000000000000000000000000
0000000001000000000000000000000000000000000000000000000000000000000000000000000000000000000000000000000000000000000000000001000000000000000000000000000000000000000000000000000000000000
1000000000000000000000010000000100000000010000001000000000000000000010000000000010000000000000000100000000000000000000000000000000000000010000101000000000000010000000000010010100010001
0000000000000010000000000000000010000010000000000000000000000000000000000000100000000000000000000000010000000000000000000000000000010000000000000000000000000000000000000000000000000000
0000000000000000000000000000000000000000000000000000000000000000000000000000000100000000000000000010000000000000000000000000000000000000000000000000000000000000001000000000000000000000
0000000000000000000000000000000000000000000000000000000000000000000000000000000000000010000000000000000000000000000000000000000000001000000000000000000000100000000000000000000000000000
0000000000000000000000000010000000000000000000000000000000000000000000000000000000000000000000000000000001000000000000000000000000000000000000000000000000000000000000000000000000000000
0000010000010000011001000000000000001000000000010000001000100010100000001000000001100000000000000000001000010000100100100000010010000100000000000000001000001000000000001101000001100000
0000000000000100000000001000000000000000000000000000000001000000000001000010000000010000000000100000100000000101000000000000100000000011001100000010100000000000000100000000000000000000
0000000100000001000000000000000000000000100000000000000000000000000000100000000000000000000000000000000000000000010000001000001000000000000000000000000000000000000001000000000000000000
0000001000000000000000000000000000000000000000000000000000000000000000000000000000000000000000000000000110000000000000010100000000000000000010000000000000000000000000000000000000000000
1000000000000000000000000000000000000000000000000000000000000000000000000000000000000000000000000000000000000000000000000000000000000000000000100000000000000000000000000000010000000000
0000000000000000000000010000000100000000010000001000000000000000000010000000000010000000000000000100000000000000000000000000000000000000010000001000000000000010000000000010000100010001
0000000000000010000000000000000010000010000000000000000000000000000000000000000000000000000000000000010000000000000000000000000000010000000000000000000000000000000000000000000000000000
0000000000000000000000000000000000000000000000000000000000000000000000000000000000000000000000000010000000000000000000000000000000000000000000000000000000000000001000000000000000000000
0000000000000000000000000000000000000000000000000000000000000000000000000000000000000010000000000000000000000000000000000000000000000000000000000000000000100000000000000000000000000000
0000010000010000011001000000000000001000000000010000001000100010100000001000000001100000000000000000001000010000100100100000000010000100000000000000001000001000000000001101000001100000
0000000000000100000000001000000000000000000000000000000001000000000001000010000000010000000000100000100000000101000000000000100000000011001000000010100000000000000100000000000000000000
0000000100000001000000000000000000000000100000000000000000000000000000100000000000000000000000000000000000000000010000000000001000000000000000000000000000000000000001000000000000000000
0000001000000000000000000000000000000000000000000000000000000000000000000000000000000000000000000000000110000000000000000100000000000000000000000000000000000000000000000000000000000000
0000000000000000000000000000000000000000000000000000000000000000000000000000000000000000000000000000000000000000000000010000000000000000000010000000000000000000000000000000000000000000
1000000000000000000000000000000000000000000000000000000000000000000000000000000000000000000000000000000000000000000000000000000000000000000000100000000000000000000000000000000000000000
0000000000000000000000010000000000000000000000000000000000000000000000000000000000000000000000000100000000000000000000000000000000000000010000000000000000000000000000000010000100010001
0000000000000000000000000000000100000000010000001000000000000000000010000000000010000000000000000000000000000000000000000000000000000000000000001000000000000010000000000000000000000000
0000000000000010000000000000000010000000000000000000000000000000000000000000000000000000000000000000010000000000000000000000000000010000000000000000000000000000000000000000000000000000
0000010000010000011001000000000000001000000000010000001000100010100000001000000001000000000000000000001000010000100100100000000010000100000000000000001000001000000000001101000001100000
0000000000000100000000001000000000000000000000000000000001000000000001000010000000010000000000100000100000000101000000000000000000000011001000000010100000000000000100000000000000000000
0000000000000001000000000000000000000000100000000000000000000000000000100000000000000000000000000000000000000000010000000000001000000000000000000000000000000000000001000000000000000000
0000001000000000000000000000000000000000000000000000000000000000000000000000000000000000000000000000000100000000000000000100000000000000000000000000000000000000000000000000000000000000
0000000000000000000000010000000000000000000000000000000000000000000000000000000000000000000000000100000000000000000000000000000000000000000000000000000000000000000000000000000100000000
0000000000000000000000000000000000000000000000000000000000000000000000000000000000000000000000000000000000000000000000000000000000000000010000000000000000000000000000000010000000010001
0000000000000000000000000000000100000000010000001000000000000000000010000000000010000000000000000000000000000000000000000000000000000000000000001000000000000000000000000000000000000000
0000000000000010000000000000000010000000000000000000000000000000000000000000000000000000000000000000000000000000000000000000000000000000000000000000000000000000000000000000000000000000
0000000000000000000000000000000000000000000000000000000000000000000000000000000000000000000000000000010000000000000000000000000000010000000000000000000000000000000000000000000000000000
0000010000010000011001000000000000001000000000010000001000100010100000001000000001000000000000000000001000010000100100100000000010000100000000000000001000001000000000001100000001100000
0000000000000100000000001000000000000000000000000000000001000000000001000000000000010000000000100000100000000101000000000000000000000010001000000010100000000000000100000000000000000000
0000000000000000000000000000000000000000000000000000000000000000000000000010000000000000000000000000000000000000000000000000000000000001000000000000000000000000000000000000000000000000
0000000000000000000000000000000000000000100000000000000000000000000000100000000000000000000000000000000000000000010000000000001000000000000000000000000000000000000001000000000000000000
0000001000000000000000000000000000000000000000000000000000000000000000000000000000000000000000000000000100000000000000000000000000000000000000000000000000000000000000000000000000000000
0000000000000000000000000000000000000000000000000000000000000000000000000000000000000000000000000100000000000000000000000000000000000000000000000000000000000000000000000000000100000000
0000000000000000000000000000000000000000000000000000000000000000000000000000000000000000000000000000000000000000000000000000000000000000010000000000000000000000000000000000000000010001
0000000000000000000000000000000100000000010000001000000000000000000010000000000000000000000000000000000000000000000000000000000000000000000000001000000000000000000000000000000000000000
0000010000010000011001000000000000001000000000000000001000100010100000001000000001000000000000000000001000010000100100100000000010000100000000000000001000001000000000001100000001100000
0000000000000100000000001000000000000000000000000000000001000000000001000000000000010000000000000000100000000101000000000000000000000010001000000010100000000000000100000000000000000000
0000000000000000000000000000000000000000100000000000000000000000000000100000000000000000000000000000000000000000000000000000001000000000000000000000000000000000000000000000000000000000
0000000000000000000000000000000000000000000000000000000000000000000000000000000000000000000000000000000000000000010000000000000000000000000000000000000000000000000001000000000000000000
0000000000000000000000000000000000000000000000000000000000000000000000000000000000000000000000000000000000000000000000000000000000000000000000000000000000000000000000000000000000010001
0000000000000000000000000000000100000000010000000000000000000000000000000000000000000000000000000000000000000000000000000000000000000000000000001000000000000000000000000000000000000000
0000000000000000000000000000000000000000000000001000000000000000000010000000000000000000000000000000000000000000000000000000000000000000000000000000000000000000000000000000000000000000
0000010000010000011000000000000000001000000000000000000000100010100000001000000001000000000000000000001000010000000100000000000000000000000000000000000000000000000000000100000000000000
0000000000000000000001000000000000000000000000000000001000000000000000000000000000000000000000000000000000000000100000100000000010000100000000000000001000001000000000001000000001100000
0000000000000100000000000000000000000000000000000000000001000000000001000000000000010000000000000000100000000101000000000000000000000010001000000010100000000000000100000000000000000000
0000000000000000000000000000000000000000100000000000000000000000000000000000000000000000000000000000000000000000000000000000001000000000000000000000000000000000000000000000000000000000
0000000000000000000000000000000000000000010000000000000000000000000000000000000000000000000000000000000000000000000000000000000000000000000000001000000000000000000000000000000000000000
0000010000010000010000000000000000001000000000000000000000100010100000000000000001000000000000000000001000010000000100000000000000000000000000000000000000000000000000000100000000000000
0000000000000000001000000000000000000000000000000000000000000000000000001000000000000000000000000000000000000000000000000000000000000000000000000000000000000000000000000000000000000000
0000000000000000000001000000000000000000000000000000000000000000000000000000000000000000000000000000000000000000000000000000000010000000000000000000001000000000000000000000000000100000
0000000000000000000000000000000000000000000000000000001000000000000000000000000000000000000000000000000000000000100000100000000000000100000000000000000000001000000000001000000001000000
0000000000000100000000000000000000000000000000000000000000000000000001000000000000010000000000000000100000000101000000000000000000000010001000000010100000000000000100000000000000000000
0000010000010000000000000000000000000000000000000000000000100000000000000000000001000000000000000000000000010000000000000000000000000000000000000000000000000000000000000100000000000000
0000000000000000010000000000000000001000000000000000000000000010100000000000000000000000000000000000001000000000000100000000000000000000000000000000000000000000000000000000000000000000
0000000000000000000000000000000000000000000000000000000000000000000000000000000000000000000000000000000000000000000000000000000010000000000000000000001000000000000000000000000000100000
0000000000000000000000000000000000000000000000000000001000000000000000000000000000000000000000000000000000000000000000100000000000000100000000000000000000001000000000001000000001000000
0000000000000000000000000000000000000000000000000000000000000000000001000000000000010000000000000000100000000101000000000000000000000010001000000010100000000000000100000000000000000000
0000010000010000000000000000000000000000000000000000000000000000000000000000000001000000000000000000000000010000000000000000000000000000000000000000000000000000000000000100000000000000
0000000000000000010000000000000000001000000000000000000000000000100000000000000000000000000000000000001000000000000100000000000000000000000000000000000000000000000000000000000000000000
0000000000000000000000000000000000000000000000000000000000000000000000000000000000000000000000000000000000000000000000000000000010000000000000000000000000000000000000000000000000100000
0000000000000000000000000000000000000000000000000000001000000000000000000000000000000000000000000000000000000000000000000000000000000100000000000000000000001000000000000000000000000000
0000000000000000000000000000000000000000000000000000000000000000000000000000000000000000000000000000000000000000000000100000000000000000000000000000000000000000000000001000000001000000
0000000000000000000000000000000000000000000000000000000000000000000001000000000000010000000000000000100000000101000000000000000000000010001000000000100000000000000100000000000000000000
0000010000010000000000000000000000000000000000000000000000000000000000000000000000000000000000000000000000000000000000000000000000000000000000000000000000000000000000000000000000000000
0000000000000000000000000000000000000000000000000000000000000000000000000000000001000000000000000000000000010000000000000000000000000000000000000000000000000000000000000100000000000000
0000000000000000010000000000000000000000000000000000000000000000000000000000000000000000000000000000000000000000000100000000000000000000000000000000000000000000000000000000000000000000
0000000000000000000000000000000000001000000000000000000000000000100000000000000000000000000000000000001000000000000000000000000000000000000000000000000000000000000000000000000000000000
0000000000000000000000000000000000000000000000000000000000000000000000000000000000000000000000000000000000000000000000000000000000000100000000000000000000001000000000000000000000000000
0000000000000000000000000000000000000000000000000000000000000000000000000000000000000000000000000000000000000000000000100000000000000000000000000000000000000000000000000000000001000000
0000000000000000000000000000000000000000000000000000000000000000000001000000000000010000000000000000100000000000000000000000000000000000000000000000000000000000000000000000000000000000
0000000000000000000000000000000000000000000000000000000000000000000000000000000000000000000000000000000000000101000000000000000000000010001000000000100000000000000100000000000000000000
0000000000000000000000000000000000000000000000000000000000000000000000000000000001000000000000000000000000010000000000000000000000000000000000000000000000000000000000000000000000000000
0000000000000000000000000000000000000000000000000000000000000000100000000000000000000000000000000000001000000000000000000000000000000000000000000000000000000000000000000000000000000000
0000000000000000000000000000000000000000000000000000000000000000000001000000000000010000000000000000000000000000000000000000000000000000000000000000000000000000000000000000000000000000
0000000000000000000000000000000000000000000000000000000000000000000000000000000000000000000000000000000000000101000000000000000000000010001000000000100000000000000000000000000000000000
0000000000000000000000000000000000000000000000000000000000000000000000000000000000000000000000000000000000000001000000000000000000000010001000000000100000000000000000000000000000000000
0000000000000000000000000000000000000000000000000000000000000000000000000000000000000000000000000000000000000001000000000000000000000010001000000000000000000000000000000000000000000000
0000000000000000000000000000000000000000000000000000000000000000000000000000000000000000000000000000000000000001000000000000000000000000001000000000000000000000000000000000000000000000