16847.6016094
2545.09090971
2616.12801971
2673.18586971
2772.22912971
2801.24444971
2843.26623971
2872.28155971
2971.36119971
2987.30849971
3102.33543971
3157.44050971
3201.40384971
3228.47761971
3272.44095971
3327.54602971
3428.59370971
3435.50428971
3548.58834971
3557.63629971
3685.64725971
3720.69962971
3821.74730971
3822.70616971
3908.77933971
3951.74875971
4011.78852971
4050.81716971
4187.87607971
4197.86783971
4328.90832971
4334.94448971
4448.02854971
4475.97673971
4561.11260971
4575.04514971
4676.09282971
4733.11428971
4747.19191971
4848.23959971
4870.17319971
4976.29817971
4998.23177971
5069.26888971
5104.39313971
5172.27807971
5233.43572971
5330.48848971
5335.34140971
5443.57254971
5463.43636971
5572.61513971
5591.53132971
5659.64716971
5720.57391971
5762.65635971
5777.59537971
5819.67781971
5918.74622971
5940.65870971
6046.84118971
6117.87829971
6126.73801971
6229.74720971
6232.90523971
6342.83126971
6360.96381971
6429.86329971
6508.03222971
6611.04141971
6615.94260971
6712.99536971
6748.10032971
6819.13743971
6828.02230971
6932.22149971
7014.10161971
7029.27425971
7132.28344971
7142.16019971
7241.22860971
7247.31038971
7372.26909971
7378.35087971
7459.30112971
7515.40978971
7516.32258971
7630.43672971
7653.38149971
7717.46875971
7790.44040971
7903.52446971
7903.54806971
8000.57722971
8016.63212971
8131.65906971
8156.67833971
8253.73109971
8260.70165971
8373.78571971
8416.79442971
8430.80717971
8473.81588971
8586.89994971
8593.87050971
8690.92326971
8715.94253971
8830.96947971
8847.02437971
8944.05353971
8944.07713971
9057.16119971
9130.13284971
9194.22010971
9217.16487971
9331.27901971
9332.19181971
9388.30047971
9469.25072971
9475.33250971
9600.29121971
9606.37299971
9705.44140971
9715.31815971
9818.32734971
9833.49998971
9915.38010971
10019.5792997
10028.4641697
10099.5012797
10134.6062397
10231.6589997
10236.5601897
10339.5693797
10417.7383097
10486.6377897
10504.7703397
10614.6963697
10617.8543997
10720.8635897
10729.7233097
10800.7604197
10906.9428997
10928.8553797
11027.9237897
11070.0062297
11084.9452497
11127.0276897
11187.9544397
11256.0702797
11274.9864697
11384.1652397
11404.0290597
11512.2601997
11517.1131197
11614.1658797
11675.3235297
11743.2084697
11778.3327197
11849.3698297
11871.3034297
11977.4284097
11999.3620097
12100.4096897
12114.4873197
12171.5087797
12272.5564597
12286.4889997
12371.6248697
12399.5730597
12512.6571197
12518.6932797
12649.7337697
12659.7255297
12796.7844397
12835.8130797
12895.8528497
12938.8222697
13024.8954397
13025.8542997
13126.9019797
13161.9543497
13289.9653097
13299.0132597
13412.0973197
13419.0078997
13520.0555797
13575.1606497
13619.1239897
13646.1977597
13690.1610997
13745.2661697
13860.2931097
13876.2404097
13975.3200497
14004.3353697
14046.3571597
14075.3724797
14174.4157397
14231.4735897
14302.5106997
