215.220314262
343.315274262
440.368034262
472.020219018
567.903065743
577.426944262
615.446700961
661.450604474
674.479704262
685.122729643
733.753403529
811.538614262
853.660524291
908.591374262
1045.65028426
1167.98913884
1176.69077426
1252.23890232
1279.73089206
1313.74968426
1410.80244426
1439.91537161
1467.82390426
1653.90321426
1724.48773206
1767.94614426
1867.01455426
1897.39211175
1968.06223426
2074.81668069
2124.16334426
2159.23708773
2237.24740426
2294.26886426
2366.28999426
2397.45217803
2425.30935426
2529.35332426
2581.41046426
2628.90446423
2632.36251426
2695.45339426
2733.41019426
2782.48542426
2870.46910426
2910.54400426
3001.50959426
3024.58693426
3095.62404426
3102.55727426
3223.68262426
3265.62060426
3354.72311426
3393.67918426
3510.82422426
3540.74759426
3613.83341426
3633.85167684
3670.85487426
3726.82690426
3762.05386798
3783.93893426
3787.28142132
3797.86401426
3861.11050262
3898.91169426
3940.04004426
4053.12410426
4061.97502426
4140.15613426
4248.05433426
4272.64043464
4303.21946426
4349.10201426
4355.17996745
4418.24640426
4477.19697426
4521.25559426
4568.95869599
4580.20616426
4624.89569794
4634.33965426
4765.38014426
4766.28547426
4837.32258426
4879.42307426
4940.33177426
4970.33267854
4987.6552178
5103.39510426
5176.93084113
5190.42713426
