835
93 383
123 417
359 259
622 179
151 50
801 264
479 74
710 248
148 29
470 124
439 234
335 608
794 659
518 676
215 218
362 167
395 829
330 289
43 18
44 14
82 164
128 172
440 449
605 682
717 544
566 263
34 486
76 521
104 166
698 5
458 780
191 517
107 54
341 415
598 307
307 469
98 167
6 5
721 24
138 322
616 515
386 152
393 58
552 526
9 17
121 240
234 689
110 4
318 14
146 201
563 660
808 117
150 81
36 22
138 217
340 37
6 387
433 691
239 344
157 503
445 828
27 80
62 784
169 33
69 159
209 385
557 593
177 228
30 632
533 173
31 14
713 243
99 56
94 86
532 312
572 89
27 516
252 609
25 93
350 335
671 353
46 31
202 221
695 822
287 63
5 40
576 363
92 229
341 374
208 225
21 63
186 259
103 631
365 162
69 140
62 457
685 718
728 211
142 595
32 113
115 104
403 630
455 332
549 81
68 133
327 171
353 153
461 335
288 204
421 182
58 397
293 480
294 301
11 299
312 492
429 55
561 333
42 5
221 574
122 86
72 126
295 823
234 431
410 435
108 269
614 92
88 89
98 88
98 309
636 746
518 619
532 635
116 392
284 400
349 130
319 76
5 1
765 711
138 215
591 707
558 359
96 509
681 800
305 301
361 567
317 76
797 562
75 108
725 292
256 128
27 639
169 515
783 459
579 186
13 239
50 231
572 742
157 610
543 64
15 16
470 473
35 2
64 156
83 33
643 417
16 68
283 328
60 785
764 334
2 535
28 267
777 776
159 766
656 75
381 64
196 69
525 65
128 122
263 462
307 185
58 30
111 282
28 77
161 50
688 18
8 170
261 230
681 112
219 92
10 112
359 560
58 59
244 149
732 441
54 191
655 447
569 667
7 2
13 5
22 67
153 556
86 100
126 444
223 233
343 489
584 203
373 775
424 275
296 276
704 216
118 312
199 65
181 170
164 573
825 587
413 89
211 715
14 791
446 355
343 310
25 7
44 57
738 398
314 484
452 726
248 835
795 135
652 190
590 143
25 575
28 7
636 499
601 25
586 99
115 183
364 281
625 529
138 456
180 335
5 15
34 41
53 450
69 73
612 512
285 274
270 210
179 361
26 19
257 304
302 297
530 294
9 14
310 35
367 104
74 246
149 35
236 253
412 711
194 75
684 150
389 312
578 539
103 237
276 125
416 121
483 627
504 459
44 351
16 621
378 109
153 204
200 459
45 320
184 151
807 773
712 587
487 380
117 28
39 21
28 53
100 512
16 604
407 170
518 245
648 133
25 345
198 488
102 315
170 264
163 252
570 644
730 693
396 654
695 672
720 476
126 537
483 824
278 104
104 258
44 339
680 819
143 27
432 306
316 215
86 709
29 26
32 33
113 136
21 118
261 646
605 597
298 174
405 460
481 414
736 292
762 55
637 91
700 113
45 20
544 370
291 204
180 185
55 65
206 117
679 347
97 190
6 286
137 15
834 600
37 97
243 207
153 410
86 331
395 275
236 242
198 501
25 52
19 202
507 214
347 302
295 282
9 618
66 25
523 236
18 17
195 79
176 28
476 352
173 326
423 295
52 257
426 409
187 44
705 790
370 699
222 139
523 592
137 236
333 32
224 1
438 331
125 160
464 229
373 651
181 234
21 61
24 251
424 485
106 192
17 30
687 239
332 809
499 252
306 274
531 796
235 589
100 428
277 177
478 680
96 294
471 158
145 297
5 786
216 118
596 192
522 180
803 206
84 19
30 123
764 769
529 376
620 26
245 562
179 19
778 26
600 629
821 581
403 611
697 223
415 755
356 360
27 207
276 600
603 26
685 91
171 220
104 77
559 418
526 195
454 714
617 757
371 741
12 4
468 674
442 283
213 17
563 20
591 177
11 346
647 61
566 692
46 116
492 727
212 46
418 373
354 293
386 818
43 739
513 318
272 334
378 477
547 802
551 343
731 631
61 91
171 226
511 15
270 337
443 538
490 642
404 814
406 362
48 31
617 356
519 266
42 119
139 168
693 363
799 686
205 394
486 750
232 150
683 150
93 606
541 532
405 427
49 15
342 657
833 253
737 226
410 607
770 689
422 189
292 180
498 788
659 52
182 826
820 10
352 669
1 163
279 27
564 179
472 355
571 479
782 59
302 735
341 31
315 677
24 175
142 372
109 65
25 69
154 33
756 81
127 116
120 162
388 445
286 482
313 514
388 45
295 570
139 171
257 706
779 317
182 86
678 167
140 265
9 19
789 16
663 165
83 565
77 793
27 103
401 811
582 355
18 38
238 31
722 118
729 117
463 111
90 155
817 557
412 185
68 550
262 32
368 587
581 489
369 269
139 42
271 176
254 191
295 430
496 781
63 289
211 40
21 16
85 76
668 160
830 814
32 25
723 139
74 78
308 20
653 612
3 10
283 78
645 417
253 314
111 24
672 230
391 94
1 2
375 245
384 63
177 133
197 114
437 151
827 792
614 623
542 626
751 378
275 113
402 250
787 170
583 364
536 300
468 649
113 131
465 408
396 237
182 245
71 3
41 54
173 16
487 602
584 588
434 79
174 104
165 94
38 255
696 181
500 374
805 293
734 2
767 442
772 507
55 390
142 547
370 296
539 247
10 27
425 91
147 773
429 747
506 414
815 135
24 20
272 65
68 96
474 1
152 9
268 97
418 719
498 328
534 14
443 245
348 235
132 235
546 271
56 404
140 577
555 72
2 3
219 675
152 665
9 37
745 36
520 235
701 296
752 111
670 541
453 437
754 634
468 249
112 553
22 17
77 568
748 314
31 50
408 225
69 409
523 816
763 89
138 3
248 37
134 133
357 68
382 594
580 71
2 4
226 447
634 445
548 491
454 73
640 507
63 64
205 78
39 230
448 143
121 55
483 59
475 123
813 573
188 662
304 792
130 65
46 129
491 162
288 554
380 433
323 253
1 47
524 73
740 187
146 132
5 76
321 324
20 321
531 71
366 154
342 137
126 303
48 214
635 686
423 776
70 69
658 146
106 86
325 292
146 266
200 83
184 411
373 624
75 48
234 373
114 68
744 58
373 597
749 436
29 311
810 572
394 441
382 308
250 263
8 4
369 798
273 224
24 147
673 298
6 90
124 250
313 101
74 18
495 56
411 451
356 179
153 124
774 416
17 132
309 467
125 110
278 502
666 597
569 68
400 708
42 60
174 505
405 138
804 498
321 398
387 613
209 1
158 193
135 93
733 272
1 208
440 94
493 313
332 20
408 633
7 95
148 753
157 32
296 358
142 3
459 528
377 314
181 490
97 124
540 292
399 365
77 180
300 125
483 497
247 329
650 623
716 289
485 527
260 71
101 85
433 638
831 509
122 210
102 23
694 197
41 223
295 832
203 114
523 664
45 105
17 768
812 484
87 281
436 171
458 280
11 87
379 134
47 338
335 508
368 28
79 22
319 585
371 341
188 49
7 420
34 186
478 453
293 89
363 306
496 133
338 352
34 16
62 11
227 222
355 55
23 15
13 51
4 9
249 73
332 615
212 280
88 73
225 290
771 392
18 120
703 223
336 129
661 129
177 178
572 641
284 254
759 105
592 690
376 287
141 13
7 20
401 27
72 6
158 73
41 86
26 247
123 241
628 575
724 113
380 193
271 702
419 289
510 164
